EXT1,AGR1,CSN1,EST1,OPN1,EXT2,AGR2,CSN2,EST2,OPN2,EXT3,AGR3,CSN3,EST3,OPN3,EXT4,AGR4,CSN4,EST4,OPN4,EXT5,AGR5,CSN5,EST5,OPN5,EXT6,AGR6,CSN6,EST6,OPN6,EXT7,AGR7,CSN7,EST7,OPN7,EXT8,AGR8,CSN8,EST8,OPN8,OPN9,AGR9,CSN9,OPN10,EXT_Score,EST_Score,AGR_Score,CSN_Score,OPN_Score,EXT_Score_Comparison,AGR_Score_Comparison,CSN_Score_Comparison,EST_Score_Comparison,OPN_Score_Comparison
5,5,5,5,5,5,5,2,5,5,5,1,5,5,5,5,5,2,5,5,5,4,1,2,5,5,1,5,5,5,5,5,5,5,4,2,1,5,5,5,5,5,2,5,3.125,3.875,4.444444444444445,4.666666666666667,4.3,low,high,high,high,high
